#!/bin/bash
# Colors for filenames in lf
# file types (with matching order)
ln      38;5;206   # LINK
or      31;01   # ORPHAN
tw      38;5;47 # STICKY_OTHER_WRITABLE
ow      38;5;86 # OTHER_WRITABLE
st      01;34   # STICKY
di      1;38;5;30   # DIR
pi      33      # FIFO
so      01;35   # SOCK
bd      33;01   # BLK
cd      33;01   # CHR
su      01;36   # SETUID
sg      01;32   # SETGID
ex      1;38;5;250   # EXEC
fi      38;5;250      # FILE

# archives or compressed
*.tar   2;38;5;168
*.tgz   2;38;5;66
*.arc   2;38;5;66
*.arj   2;38;5;66
*.taz   2;38;5;66
*.lha   2;38;5;66
*.lz4   2;38;5;66
*.lzh   2;38;5;66
*.lzma  2;38;5;66
*.tlz   2;38;5;66
*.txz   2;38;5;66
*.tzo   2;38;5;66
*.t7z   2;38;5;66
*.zip   2;38;5;66
*.xpi   2;38;5;66
*.z     2;38;5;66
*.dz    2;38;5;66
*.gz    2;38;5;66
*.lrz   2;38;5;66
*.lz    2;38;5;66
*.lzo   2;38;5;66
*.xz    2;01;31
*.zst   2;38;5;66
*.tzst  2;01;31
*.bz2   2;01;31
*.bz    2;38;5;66
*.tbz   2;01;31
*.tbz2  2;01;31
*.tz    2;38;5;66
*.deb   2;38;5;66
*.rpm   2;38;5;66
*.jar   2;38;5;66
*.war   2;38;5;66
*.ear   2;38;5;66
*.sar   2;38;5;66
*.rar   2;38;5;66
*.alz   38;5;66
*.ace   2;01;31
*.zoo   2;01;31
*.cpio  2;01;31
*.7z    01;31
*.rz    01;31
*.cab   01;31
*.wim   01;31
*.swm   01;31
*.dwm   01;31
*.esd   01;31

# image formats
*.jpg   38;5;202
*.JPG   38;5;204
*.jpeg  38;5;206
*.mjpg  38;5;202
*.mjpeg 38;5;202
*.jxl   38;5;202
*.JXL   38;5;202
*.webp  38;5;208
*.gif   38;5;210
*.bmp   38;5;202
*.pbm   38;5;202
*.pgm   38;5;202
*.ppm   38;5;202
*.tga   38;5;212
*.xbm   38;5;202
*.xpm   38;5;202
*.tif   38;5;222
*.tiff  38;5;202
*.png   38;5;218
*.svg   38;5;226
*.svgz  38;5;202
*.mng   38;5;202
*.odg   38;5;202
*.pcx   38;2;218;8;255
*.mov   38;2;218;28;255
*.mpg   38;2;218;48;255
*.mpeg  38;2;218;68;255
*.m2v   38;2;218;8;255
*.mkv   38;2;218;88;255
*.webm  38;2;218;86;255
*.ogm   38;2;218;8;255
*.mp4   38;2;100;8;200
*.m4v   38;2;218;8;255
*.mp4v  38;2;218;8;255
*.vob   38;2;218;8;255
*.qt    38;2;218;8;255
*.nuv   38;2;218;8;255
*.wmv   38;2;218;8;255
*.asf   38;2;218;8;255
*.rm    38;2;218;8;255
*.rmvb  38;2;218;8;255
*.flc   38;2;218;8;255
*.avi   38;2;218;8;255
*.fli   38;2;218;8;255
*.flv   38;2;218;8;255
*.gl    38;2;218;8;255
*.dl    38;2;218;8;255
*.xcf   38;2;218;8;255
*.xwd   38;2;218;8;255
*.yuv   38;2;218;8;255
*.cgm   38;2;218;8;255
*.emf   38;2;218;8;255
*.ogv   38;2;218;8;255
*.ogx   38;2;218;8;255

# audio formats
*.aac   38;5;86
*.au    38;5;88
*.flac  38;5;89
*.m4a   38;5;91
*.mid   38;5;94
*.midi  38;5;95
*.mka   38;5;96
*.mp3   38;5;98
*.mpc   38;5;99
*.ogg   38;5;100
*.ra    38;5;101
*.wav   38;5;104
*.oga   38;5;86
*.opus  38;5;86
*.spx   38;5;86
*.xspf  38;5;86

# other formats
*.pdf    38;2;249;46;73
*.PDF    38;2;249;46;73
*.ps     38;2;249;46;73
*.epub   38;2;249;46;73
*.mobi   38;2;249;46;73
*.ods    92
*.xls    92
*.XLS    92
*.xlsx   92
*.XLSX   92
*.odt    94
*.doc    94
*.DOC    94
*.docx   94
*.DOCX   94
*.odp    38;2;249;62;0
*.ppt    38;2;249;62;0
*.PPT    38;2;249;62;0
*.pptx   38;2;249;62;0
*.PPTX   38;2;249;62;0
*.iso    38;5;221
*.img    38;5;221
*.py     38;5;220
*.lua    38;5;39
*.js     38;5;226
*.htm    38;5;202
*.html   38;5;202
*.shtml  38;5;202
*.xhtml  38;5;202
*.css    38;5;39
*.go     38;5;39
*.php    38;5;75
*.tex    38;5;36
*.c      38;2;121;168;244
*.cpp    38;2;141;116;244
*.cs     38;2;203;121;244
*.nim    38;5;220
*.nims   38;5;220
*.r      38;5;39
*.R      38;5;39
*.rs     38;2;225;105;0
*.pl     38;2;0;115;255
*.raku   38;2;225;0;221
*.m      38;2;225;43;7
*.java   38;2;225;136;0
*.scala  38;5;196
*.rb     38;5;196
*.vim    32
*.sql    38;5;249
*.sqlite 38;5;249
*.db     38;5;249
*.odb    38;5;249
*.apk    38;5;82
*.apk    38;5;82
*.jl     38;5;147
*.hs     38;5;133
*.lhs    38;5;133
*.blend  38;5;208
